2.647000 -67.644997 -0.386905 0.000000 0.000000 0.000000 0.000000 0.000000 0.000000
25.147000 -67.644997 -0.280112 0.000000 0.000000 0.000000 0.000000 0.000000 0.000000
47.647000 -67.644997 -0.158924 0.000000 0.000000 0.000000 0.000000 0.000000 0.000000
70.147000 -67.644997 -0.084986 0.000000 0.000000 0.000000 0.000000 0.000000 0.000000
92.647000 -67.644997 -0.168549 0.000000 0.000000 0.000000 0.000000 0.000000 0.000000
2.647000 -50.729003 -0.345648 0.000000 0.000000 0.000000 0.000000 0.000000 0.000000
25.147000 -50.729003 -0.009649 0.000000 0.000000 0.000000 0.000000 0.000000 0.000000
47.647000 -50.729003 -0.171162 0.000000 0.000000 0.000000 0.000000 0.000000 0.000000
70.147000 -50.729003 -0.092336 0.000000 0.000000 0.000000 0.000000 0.000000 0.000000
92.647000 -50.729003 -0.292361 0.000000 0.000000 0.000000 0.000000 0.000000 0.000000
2.647000 -33.812003 0.088439 0.000000 0.000000 0.000000 0.000000 0.000000 0.000000
25.147000 -33.812003 -0.318349 0.000000 0.000000 0.000000 0.000000 0.000000 0.000000
47.647000 -33.812003 -0.403224 0.000000 0.000000 0.000000 0.000000 0.000000 0.000000
70.147000 -33.812003 0.074264 0.000000 0.000000 0.000000 0.000000 0.000000 0.000000
92.647000 -33.812003 0.084852 0.000000 0.000000 0.000000 0.000000 0.000000 0.000000
